{
 "cells": [
  {
   "cell_type": "code",
   "execution_count": 1,
   "id": "234829f5-3683-4af2-89ab-f4ada7ca0837",
   "metadata": {},
   "outputs": [],
   "source": [
    "#import dependencies\n",
    "import pandas as pd\n",
    "import numpy as np\n",
    "import os\n",
    "import matplotlib.pyplot as plt\n",
    "import seaborn as sns\n",
    "\n",
    "#importing models\n",
    "from sklearn.svm import SVC\n",
    "from sklearn.tree import DecisionTreeClassifier\n",
    "from sklearn.ensemble import RandomForestClassifier, AdaBoostClassifier\n",
    "from sklearn.naive_bayes import GaussianNB\n",
    "from sklearn.neural_network import MLPClassifier\n",
    "from xgboost import XGBClassifier\n",
    "from catboost import CatBoostClassifier\n",
    "\n",
    "#preprocessing\n",
    "from sklearn.preprocessing import StandardScaler\n",
    "from sklearn.model_selection import train_test_split\n",
    "\n",
    "#metrics\n",
    "from sklearn.metrics import (\n",
    "    accuracy_score,\n",
    "    precision_score,\n",
    "    recall_score,\n",
    "    f1_score,\n",
    "    confusion_matrix,\n",
    ")\n"
   ]
  },
  {
   "cell_type": "code",
   "execution_count": 2,
   "id": "56b18159-e34d-4cf5-a68c-d4db9e7112d7",
   "metadata": {},
   "outputs": [],
   "source": [
    "#importing data\n",
    "file_path1 = r\"C:\\Users\\lokan\\Document\\Introduction to Biological Systems\\ENDSEM PROJECT\\embeddings\\protbert_features.csv\"\n",
    "file_path2 = r\"C:\\Users\\lokan\\Document\\Introduction to Biological Systems\\ENDSEM PROJECT\\embeddings\\bert_features.csv\"\n",
    "file_path3 = r\"C:\\Users\\lokan\\Document\\Introduction to Biological Systems\\ENDSEM PROJECT\\embeddings\\roberta_features.csv\"\n",
    "\n",
    "\n",
    "data1 = pd.read_csv(file_path1)\n",
    "X1 = data1.iloc[:,:-2]\n",
    "y1 = data1[\"Label\"]\n",
    "\n",
    "data2 = pd.read_csv(file_path2)\n",
    "X2 = data2.iloc[:,:-2]\n",
    "y2 = data2[\"Label\"]\n",
    "\n",
    "data3 = pd.read_csv(file_path3)\n",
    "X3 = data3.iloc[:,:-2]\n",
    "y3 = data3[\"Label\"]\n"
   ]
  },
  {
   "cell_type": "code",
   "execution_count": 3,
   "id": "6e83fa4d-cd3a-4d58-a103-041e44c464e1",
   "metadata": {},
   "outputs": [],
   "source": [
    "#Data preprocessing\n",
    "X_train1,X_test1,y_train1,y_test1 = train_test_split(X1,y1,test_size=0.2, random_state=42)\n",
    "X_train2,X_test2,y_train2,y_test2 = train_test_split(X2,y2,test_size=0.2, random_state=42)\n",
    "X_train3,X_test3,y_train3,y_test3 = train_test_split(X3,y3,test_size=0.2, random_state=42)\n",
    "\n",
    "scaler = StandardScaler()\n",
    "\n",
    "X_train_scaled1 = scaler.fit_transform(X_train1)\n",
    "X_test_scaled1 = scaler.transform(X_test1)\n",
    "\n",
    "X_train_scaled2 = scaler.fit_transform(X_train2)\n",
    "X_test_scaled2 = scaler.transform(X_test2)\n",
    "\n",
    "X_train_scaled3 = scaler.fit_transform(X_train3)\n",
    "X_test_scaled3 = scaler.transform(X_test3)\n"
   ]
  },
  {
   "cell_type": "code",
   "execution_count": 4,
   "id": "d0a0320a-6f73-49c3-be45-59dae68b33aa",
   "metadata": {},
   "outputs": [],
   "source": [
    "def evaluate_model(model, X_train, X_test, y_train, y_test,\n",
    "                   dataset_name, model_name, save_folder):\n",
    "\n",
    "    # -----------------------------\n",
    "    # TRAIN MODEL\n",
    "    # -----------------------------\n",
    "    model.fit(X_train, y_train)\n",
    "\n",
    "    # -----------------------------\n",
    "    # PREDICTIONS\n",
    "    # -----------------------------\n",
    "    y_train_pred = model.predict(X_train)\n",
    "    y_test_pred = model.predict(X_test)\n",
    "\n",
    "    # -----------------------------\n",
    "    # METRICS\n",
    "    # -----------------------------\n",
    "    results = {\n",
    "        \"Train Accuracy\": accuracy_score(y_train, y_train_pred),\n",
    "        \"Test Accuracy\": accuracy_score(y_test, y_test_pred),\n",
    "\n",
    "        \"Train Precision\": precision_score(\n",
    "            y_train, y_train_pred,\n",
    "            average='weighted',\n",
    "            zero_division=0\n",
    "        ),\n",
    "\n",
    "        \"Test Precision\": precision_score(\n",
    "            y_test, y_test_pred,\n",
    "            average='weighted',\n",
    "            zero_division=0\n",
    "        ),\n",
    "\n",
    "        \"Train Recall\": recall_score(\n",
    "            y_train, y_train_pred,\n",
    "            average='weighted',\n",
    "            zero_division=0\n",
    "        ),\n",
    "\n",
    "        \"Test Recall\": recall_score(\n",
    "            y_test, y_test_pred,\n",
    "            average='weighted',\n",
    "            zero_division=0\n",
    "        ),\n",
    "\n",
    "        \"Train F1\": f1_score(\n",
    "            y_train, y_train_pred,\n",
    "            average='weighted',\n",
    "            zero_division=0\n",
    "        ),\n",
    "\n",
    "        \"Test F1\": f1_score(\n",
    "            y_test, y_test_pred,\n",
    "            average='weighted',\n",
    "            zero_division=0\n",
    "        )\n",
    "    }    # =====================================================\n",
    "    # CONFUSION MATRIX\n",
    "    # =====================================================\n",
    "\n",
    "    # Unique labels\n",
    "    labels = np.unique(np.concatenate([y_train, y_test]))\n",
    "\n",
    "    cm = confusion_matrix(y_test, y_test_pred, labels=labels)\n",
    "\n",
    "    # -----------------------------\n",
    "    # SAVE CONFUSION MATRIX VALUES\n",
    "    # -----------------------------\n",
    "    cm_df = pd.DataFrame(\n",
    "        cm,\n",
    "        index=[f\"Actual_{l}\" for l in labels],\n",
    "        columns=[f\"Predicted_{l}\" for l in labels]\n",
    "    )\n",
    "\n",
    "    csv_path = os.path.join(\n",
    "        save_folder,\n",
    "        f\"{dataset_name}_{model_name}_confusion_matrix.csv\"\n",
    "    )\n",
    "\n",
    "    cm_df.to_csv(csv_path)\n",
    "\n",
    "    # -----------------------------\n",
    "    # PLOT CONFUSION MATRIX\n",
    "    # -----------------------------\n",
    "    plt.figure(figsize=(8, 6))\n",
    "\n",
    "    sns.heatmap(\n",
    "        cm,\n",
    "        annot=True,\n",
    "        fmt='d',\n",
    "        cmap='Blues',\n",
    "        xticklabels=labels,\n",
    "        yticklabels=labels\n",
    "    )\n",
    "\n",
    "    plt.title(f\"{model_name} - {dataset_name}\")\n",
    "    plt.xlabel(\"Predicted Label\")\n",
    "    plt.ylabel(\"True Label\")\n",
    "\n",
    "    image_path = os.path.join(\n",
    "        save_folder,\n",
    "        f\"{dataset_name}_{model_name}_confusion_matrix.png\"\n",
    "    )\n",
    "\n",
    "    plt.savefig(image_path, bbox_inches='tight')\n",
    "    plt.close()\n",
    "\n",
    "    return results\n",
    "\n"
   ]
  },
  {
   "cell_type": "code",
   "execution_count": 5,
   "id": "b87d8b19-8106-429b-bb01-4dc801e11b23",
   "metadata": {},
   "outputs": [],
   "source": [
    "#implementing models\n",
    "\n",
    "svm = SVC(kernel='rbf', probability=True)\n",
    "dt = DecisionTreeClassifier()\n",
    "rf = RandomForestClassifier(n_estimators=100)\n",
    "adaboost = AdaBoostClassifier(n_estimators=100)\n",
    "nb = GaussianNB()\n",
    "mlp = MLPClassifier(hidden_layer_sizes=(100,), max_iter=500)\n",
    "xgboost = XGBClassifier(use_label_encoder=False,eval_metric='logloss')\n",
    "catboost = CatBoostClassifier(verbose=0)"
   ]
  },
  {
   "cell_type": "code",
   "execution_count": 6,
   "id": "2dff4a20-57b6-4d7d-88d3-838b6afa2948",
   "metadata": {},
   "outputs": [
    {
     "name": "stdout",
     "output_type": "stream",
     "text": [
      "\n",
      "Running SVM on protbert...\n",
      "\n",
      "Running Decision Tree on protbert...\n",
      "\n",
      "Running Random Forest on protbert...\n",
      "\n",
      "Running AdaBoost on protbert...\n",
      "\n",
      "Running Naive Bayes on protbert...\n",
      "\n",
      "Running MLP on protbert...\n",
      "\n",
      "Running XGBoost on protbert...\n",
      "\n",
      "Running CatBoost on protbert...\n",
      "\n",
      "Running SVM on bert...\n",
      "\n",
      "Running Decision Tree on bert...\n",
      "\n",
      "Running Random Forest on bert...\n",
      "\n",
      "Running AdaBoost on bert...\n",
      "\n",
      "Running Naive Bayes on bert...\n",
      "\n",
      "Running MLP on bert...\n",
      "\n",
      "Running XGBoost on bert...\n",
      "\n",
      "Running CatBoost on bert...\n",
      "\n",
      "Running SVM on roberta...\n",
      "\n",
      "Running Decision Tree on roberta...\n",
      "\n",
      "Running Random Forest on roberta...\n",
      "\n",
      "Running AdaBoost on roberta...\n",
      "\n",
      "Running Naive Bayes on roberta...\n",
      "\n",
      "Running MLP on roberta...\n",
      "\n",
      "Running XGBoost on roberta...\n",
      "\n",
      "Running CatBoost on roberta...\n",
      "\n",
      "=================================================\n",
      "Training Complete\n",
      "=================================================\n",
      "Confusion matrices saved in: confusion_matrices\n",
      "Results saved as: all_model_results.csv\n",
      "     Dataset          Model  Train Accuracy  Test Accuracy  Train Precision  \\\n",
      "10      bert  Random Forest        0.991247       0.997812         0.991365   \n",
      "14      bert        XGBoost        0.993435       0.997812         0.993502   \n",
      "15      bert       CatBoost        0.992888       0.997812         0.992967   \n",
      "8       bert            SVM        0.988512       0.995624         0.988715   \n",
      "11      bert       AdaBoost        0.990700       0.995624         0.990833   \n",
      "9       bert  Decision Tree        0.990700       0.993435         0.990744   \n",
      "13      bert            MLP        0.990153       0.993435         0.990302   \n",
      "12      bert    Naive Bayes        0.982495       0.991247         0.982961   \n",
      "2   protbert  Random Forest        0.968269       0.969349         0.968464   \n",
      "1   protbert  Decision Tree        0.957692       0.969349         0.957740   \n",
      "5   protbert            MLP        0.947115       0.961686         0.952358   \n",
      "6   protbert        XGBoost        0.976923       0.957854         0.977568   \n",
      "7   protbert       CatBoost        0.962500       0.954023         0.964493   \n",
      "3   protbert       AdaBoost        0.921154       0.927203         0.926937   \n",
      "0   protbert            SVM        0.918269       0.915709         0.924682   \n",
      "4   protbert    Naive Bayes        0.861538       0.892720         0.885316   \n",
      "18   roberta  Random Forest        0.992341       0.997812         0.992432   \n",
      "22   roberta        XGBoost        0.992888       0.997812         0.992967   \n",
      "23   roberta       CatBoost        0.992888       0.997812         0.992967   \n",
      "16   roberta            SVM        0.985777       0.995624         0.986086   \n",
      "19   roberta       AdaBoost        0.989059       0.995624         0.989243   \n",
      "21   roberta            MLP        0.988512       0.995624         0.988715   \n",
      "17   roberta  Decision Tree        0.987965       0.986871         0.987974   \n",
      "20   roberta    Naive Bayes        0.977024       0.986871         0.977820   \n",
      "\n",
      "    Test Precision  Train Recall  Test Recall  Train F1   Test F1  \n",
      "10        0.997819      0.991247     0.997812  0.991223  0.997810  \n",
      "14        0.997819      0.993435     0.997812  0.993422  0.997810  \n",
      "15        0.997819      0.992888     0.997812  0.992873  0.997810  \n",
      "8         0.995653      0.988512     0.995624  0.988470  0.995617  \n",
      "11        0.995653      0.990700     0.995624  0.990673  0.995617  \n",
      "9         0.993455      0.990700     0.993435  0.990683  0.993440  \n",
      "13        0.993501      0.990153     0.993435  0.990122  0.993421  \n",
      "12        0.991364      0.982495     0.991247  0.982394  0.991222  \n",
      "2         0.970132      0.968269     0.969349  0.968321  0.969496  \n",
      "1         0.969349      0.957692     0.969349  0.957712  0.969349  \n",
      "5         0.964283      0.947115     0.961686  0.947600  0.962031  \n",
      "6         0.958435      0.976923     0.957854  0.977005  0.958009  \n",
      "7         0.955735      0.962500     0.954023  0.962726  0.954344  \n",
      "3         0.930960      0.921154     0.927203  0.921886  0.927928  \n",
      "0         0.921842      0.918269     0.915709  0.919061  0.916774  \n",
      "4         0.905004      0.861538     0.892720  0.863462  0.894549  \n",
      "18        0.997819      0.992341     0.997812  0.992323  0.997810  \n",
      "22        0.997819      0.992888     0.997812  0.992873  0.997810  \n",
      "23        0.997819      0.992888     0.997812  0.992873  0.997810  \n",
      "16        0.995653      0.985777     0.995624  0.985712  0.995617  \n",
      "19        0.995653      0.989059     0.995624  0.989021  0.995617  \n",
      "21        0.995653      0.988512     0.995624  0.988470  0.995617  \n",
      "17        0.986949      0.987965     0.986871  0.987949  0.986889  \n",
      "20        0.987132      0.977024     0.986871  0.976848  0.986812  \n"
     ]
    }
   ],
   "source": [
    "\n",
    "# =========================================================\n",
    "# CREATE FOLDER TO SAVE CONFUSION MATRICES\n",
    "# =========================================================\n",
    "cm_folder = \"confusion_matrices\"\n",
    "os.makedirs(cm_folder, exist_ok=True)\n",
    "\n",
    "\n",
    "# =========================================================\n",
    "# MODELS\n",
    "# =========================================================\n",
    "models = {\n",
    "\n",
    "    \"SVM\": SVC(\n",
    "        kernel='rbf',\n",
    "        probability=True,\n",
    "        gamma='scale',\n",
    "        C=1.0,\n",
    "        random_state=42\n",
    "    ),\n",
    "\n",
    "    \"Decision Tree\": DecisionTreeClassifier(\n",
    "        criterion='gini',\n",
    "        max_depth=12,\n",
    "        min_samples_split=10,\n",
    "        min_samples_leaf=6,\n",
    "        random_state=42\n",
    "    ),\n",
    "\n",
    "    \"Random Forest\": RandomForestClassifier(\n",
    "        n_estimators=150,\n",
    "        max_depth=18,\n",
    "        min_samples_split=6,\n",
    "        min_samples_leaf=3,\n",
    "        random_state=42\n",
    "    ),\n",
    "\n",
    "    \"AdaBoost\": AdaBoostClassifier(\n",
    "        n_estimators=130,\n",
    "        learning_rate=0.15,\n",
    "        random_state=42\n",
    "    ),\n",
    "\n",
    "    \"Naive Bayes\": GaussianNB(\n",
    "        var_smoothing=3.7e-8\n",
    "    ),\n",
    "\n",
    "    \"MLP\": MLPClassifier(\n",
    "        hidden_layer_sizes=(100, 50),\n",
    "        activation='relu',\n",
    "        alpha=0.004,\n",
    "        learning_rate_init=0.006,\n",
    "        max_iter=1200,\n",
    "        random_state=42\n",
    "    ),\n",
    "\n",
    "    \"XGBoost\": XGBClassifier(\n",
    "        n_estimators=200,\n",
    "        max_depth=5,\n",
    "        learning_rate=0.025,\n",
    "        subsample=0.75,\n",
    "        colsample_bytree=0.80,\n",
    "        eval_metric='logloss',\n",
    "        random_state=42\n",
    "    ),\n",
    "\n",
    "    \"CatBoost\": CatBoostClassifier(\n",
    "        iterations=150,\n",
    "        depth=5,\n",
    "        learning_rate=0.03,\n",
    "        verbose=0,\n",
    "        random_state=42\n",
    "    ),\n",
    "}\n",
    "# =========================================================\n",
    "# DATASETS\n",
    "# =========================================================\n",
    "datasets = [\n",
    "    (\n",
    "        X_train1, X_test1,\n",
    "        X_train_scaled1, X_test_scaled1,\n",
    "        y_train1, y_test1,\n",
    "        \"protbert\"\n",
    "    ),\n",
    "\n",
    "    (\n",
    "        X_train2, X_test2,\n",
    "        X_train_scaled2, X_test_scaled2,\n",
    "        y_train2, y_test2,\n",
    "        \"bert\"\n",
    "    ),\n",
    "\n",
    "    (\n",
    "        X_train3, X_test3,\n",
    "        X_train_scaled3, X_test_scaled3,\n",
    "        y_train3, y_test3,\n",
    "        \"roberta\"\n",
    "    ),\n",
    "]\n",
    "\n",
    "\n",
    "# =========================================================\n",
    "# PROCESSING LOOP\n",
    "# =========================================================\n",
    "all_results = []\n",
    "\n",
    "for X_tr, X_te, X_tr_sc, X_te_sc, y_tr, y_te, label in datasets:\n",
    "\n",
    "    for name, model in models.items():\n",
    "\n",
    "        print(f\"\\nRunning {name} on {label}...\")\n",
    "\n",
    "        # Scaling for SVM and MLP\n",
    "        if name in [\"SVM\", \"MLP\"]:\n",
    "            current_X_train = X_tr_sc\n",
    "            current_X_test = X_te_sc\n",
    "        else:\n",
    "            current_X_train = X_tr\n",
    "            current_X_test = X_te\n",
    "\n",
    "        # Evaluate model\n",
    "        res = evaluate_model(\n",
    "            model=model,\n",
    "            X_train=current_X_train,\n",
    "            X_test=current_X_test,\n",
    "            y_train=y_tr,\n",
    "            y_test=y_te,\n",
    "            dataset_name=label,\n",
    "            model_name=name.replace(\" \", \"_\"),\n",
    "            save_folder=cm_folder\n",
    "        )\n",
    "\n",
    "        # Add metadata\n",
    "        res[\"Model\"] = name\n",
    "        res[\"Dataset\"] = label\n",
    "\n",
    "        all_results.append(res)\n",
    "\n",
    "\n",
    "# =========================================================\n",
    "# FINAL RESULTS DATAFRAME\n",
    "# =========================================================\n",
    "results_df = pd.DataFrame(all_results)\n",
    "\n",
    "column_order = [\n",
    "    \"Dataset\",\n",
    "    \"Model\",\n",
    "\n",
    "    \"Train Accuracy\",\n",
    "    \"Test Accuracy\",\n",
    "\n",
    "    \"Train Precision\",\n",
    "    \"Test Precision\",\n",
    "\n",
    "    \"Train Recall\",\n",
    "    \"Test Recall\",\n",
    "\n",
    "    \"Train F1\",\n",
    "    \"Test F1\"\n",
    "]\n",
    "\n",
    "results_df = results_df[column_order]\n",
    "\n",
    "# Sort results\n",
    "results_df = results_df.sort_values(\n",
    "    by=[\"Dataset\", \"Test F1\"],\n",
    "    ascending=[True, False]\n",
    ")\n",
    "\n",
    "# =========================================================\n",
    "# SAVE FINAL RESULTS\n",
    "# =========================================================\n",
    "results_df.to_csv(\"all_model_results.csv\", index=False)\n",
    "\n",
    "print(\"\\n=================================================\")\n",
    "print(\"Training Complete\")\n",
    "print(\"=================================================\")\n",
    "print(\"Confusion matrices saved in:\", cm_folder)\n",
    "print(\"Results saved as: all_model_results.csv\")\n",
    "\n",
    "# Display results\n",
    "print(results_df)"
   ]
  },
  {
   "cell_type": "code",
   "execution_count": 7,
   "id": "5eff5bdf",
   "metadata": {},
   "outputs": [
    {
     "data": {
      "text/html": [
       "<div>\n",
       "<style scoped>\n",
       "    .dataframe tbody tr th:only-of-type {\n",
       "        vertical-align: middle;\n",
       "    }\n",
       "\n",
       "    .dataframe tbody tr th {\n",
       "        vertical-align: top;\n",
       "    }\n",
       "\n",
       "    .dataframe thead th {\n",
       "        text-align: right;\n",
       "    }\n",
       "</style>\n",
       "<table border=\"1\" class=\"dataframe\">\n",
       "  <thead>\n",
       "    <tr style=\"text-align: right;\">\n",
       "      <th></th>\n",
       "      <th>Dataset</th>\n",
       "      <th>Model</th>\n",
       "      <th>Train Accuracy</th>\n",
       "      <th>Test Accuracy</th>\n",
       "      <th>Train Precision</th>\n",
       "      <th>Test Precision</th>\n",
       "      <th>Train Recall</th>\n",
       "      <th>Test Recall</th>\n",
       "      <th>Train F1</th>\n",
       "      <th>Test F1</th>\n",
       "    </tr>\n",
       "  </thead>\n",
       "  <tbody>\n",
       "    <tr>\n",
       "      <th>20</th>\n",
       "      <td>roberta</td>\n",
       "      <td>Naive Bayes</td>\n",
       "      <td>0.977024</td>\n",
       "      <td>0.986871</td>\n",
       "      <td>0.977820</td>\n",
       "      <td>0.987132</td>\n",
       "      <td>0.977024</td>\n",
       "      <td>0.986871</td>\n",
       "      <td>0.976848</td>\n",
       "      <td>0.986812</td>\n",
       "    </tr>\n",
       "    <tr>\n",
       "      <th>17</th>\n",
       "      <td>roberta</td>\n",
       "      <td>Decision Tree</td>\n",
       "      <td>0.987965</td>\n",
       "      <td>0.986871</td>\n",
       "      <td>0.987974</td>\n",
       "      <td>0.986949</td>\n",
       "      <td>0.987965</td>\n",
       "      <td>0.986871</td>\n",
       "      <td>0.987949</td>\n",
       "      <td>0.986889</td>\n",
       "    </tr>\n",
       "    <tr>\n",
       "      <th>21</th>\n",
       "      <td>roberta</td>\n",
       "      <td>MLP</td>\n",
       "      <td>0.988512</td>\n",
       "      <td>0.995624</td>\n",
       "      <td>0.988715</td>\n",
       "      <td>0.995653</td>\n",
       "      <td>0.988512</td>\n",
       "      <td>0.995624</td>\n",
       "      <td>0.988470</td>\n",
       "      <td>0.995617</td>\n",
       "    </tr>\n",
       "    <tr>\n",
       "      <th>19</th>\n",
       "      <td>roberta</td>\n",
       "      <td>AdaBoost</td>\n",
       "      <td>0.989059</td>\n",
       "      <td>0.995624</td>\n",
       "      <td>0.989243</td>\n",
       "      <td>0.995653</td>\n",
       "      <td>0.989059</td>\n",
       "      <td>0.995624</td>\n",
       "      <td>0.989021</td>\n",
       "      <td>0.995617</td>\n",
       "    </tr>\n",
       "    <tr>\n",
       "      <th>16</th>\n",
       "      <td>roberta</td>\n",
       "      <td>SVM</td>\n",
       "      <td>0.985777</td>\n",
       "      <td>0.995624</td>\n",
       "      <td>0.986086</td>\n",
       "      <td>0.995653</td>\n",
       "      <td>0.985777</td>\n",
       "      <td>0.995624</td>\n",
       "      <td>0.985712</td>\n",
       "      <td>0.995617</td>\n",
       "    </tr>\n",
       "    <tr>\n",
       "      <th>23</th>\n",
       "      <td>roberta</td>\n",
       "      <td>CatBoost</td>\n",
       "      <td>0.992888</td>\n",
       "      <td>0.997812</td>\n",
       "      <td>0.992967</td>\n",
       "      <td>0.997819</td>\n",
       "      <td>0.992888</td>\n",
       "      <td>0.997812</td>\n",
       "      <td>0.992873</td>\n",
       "      <td>0.997810</td>\n",
       "    </tr>\n",
       "    <tr>\n",
       "      <th>22</th>\n",
       "      <td>roberta</td>\n",
       "      <td>XGBoost</td>\n",
       "      <td>0.992888</td>\n",
       "      <td>0.997812</td>\n",
       "      <td>0.992967</td>\n",
       "      <td>0.997819</td>\n",
       "      <td>0.992888</td>\n",
       "      <td>0.997812</td>\n",
       "      <td>0.992873</td>\n",
       "      <td>0.997810</td>\n",
       "    </tr>\n",
       "    <tr>\n",
       "      <th>18</th>\n",
       "      <td>roberta</td>\n",
       "      <td>Random Forest</td>\n",
       "      <td>0.992341</td>\n",
       "      <td>0.997812</td>\n",
       "      <td>0.992432</td>\n",
       "      <td>0.997819</td>\n",
       "      <td>0.992341</td>\n",
       "      <td>0.997812</td>\n",
       "      <td>0.992323</td>\n",
       "      <td>0.997810</td>\n",
       "    </tr>\n",
       "    <tr>\n",
       "      <th>4</th>\n",
       "      <td>protbert</td>\n",
       "      <td>Naive Bayes</td>\n",
       "      <td>0.861538</td>\n",
       "      <td>0.892720</td>\n",
       "      <td>0.885316</td>\n",
       "      <td>0.905004</td>\n",
       "      <td>0.861538</td>\n",
       "      <td>0.892720</td>\n",
       "      <td>0.863462</td>\n",
       "      <td>0.894549</td>\n",
       "    </tr>\n",
       "    <tr>\n",
       "      <th>0</th>\n",
       "      <td>protbert</td>\n",
       "      <td>SVM</td>\n",
       "      <td>0.918269</td>\n",
       "      <td>0.915709</td>\n",
       "      <td>0.924682</td>\n",
       "      <td>0.921842</td>\n",
       "      <td>0.918269</td>\n",
       "      <td>0.915709</td>\n",
       "      <td>0.919061</td>\n",
       "      <td>0.916774</td>\n",
       "    </tr>\n",
       "    <tr>\n",
       "      <th>3</th>\n",
       "      <td>protbert</td>\n",
       "      <td>AdaBoost</td>\n",
       "      <td>0.921154</td>\n",
       "      <td>0.927203</td>\n",
       "      <td>0.926937</td>\n",
       "      <td>0.930960</td>\n",
       "      <td>0.921154</td>\n",
       "      <td>0.927203</td>\n",
       "      <td>0.921886</td>\n",
       "      <td>0.927928</td>\n",
       "    </tr>\n",
       "    <tr>\n",
       "      <th>7</th>\n",
       "      <td>protbert</td>\n",
       "      <td>CatBoost</td>\n",
       "      <td>0.962500</td>\n",
       "      <td>0.954023</td>\n",
       "      <td>0.964493</td>\n",
       "      <td>0.955735</td>\n",
       "      <td>0.962500</td>\n",
       "      <td>0.954023</td>\n",
       "      <td>0.962726</td>\n",
       "      <td>0.954344</td>\n",
       "    </tr>\n",
       "    <tr>\n",
       "      <th>6</th>\n",
       "      <td>protbert</td>\n",
       "      <td>XGBoost</td>\n",
       "      <td>0.976923</td>\n",
       "      <td>0.957854</td>\n",
       "      <td>0.977568</td>\n",
       "      <td>0.958435</td>\n",
       "      <td>0.976923</td>\n",
       "      <td>0.957854</td>\n",
       "      <td>0.977005</td>\n",
       "      <td>0.958009</td>\n",
       "    </tr>\n",
       "    <tr>\n",
       "      <th>5</th>\n",
       "      <td>protbert</td>\n",
       "      <td>MLP</td>\n",
       "      <td>0.947115</td>\n",
       "      <td>0.961686</td>\n",
       "      <td>0.952358</td>\n",
       "      <td>0.964283</td>\n",
       "      <td>0.947115</td>\n",
       "      <td>0.961686</td>\n",
       "      <td>0.947600</td>\n",
       "      <td>0.962031</td>\n",
       "    </tr>\n",
       "    <tr>\n",
       "      <th>1</th>\n",
       "      <td>protbert</td>\n",
       "      <td>Decision Tree</td>\n",
       "      <td>0.957692</td>\n",
       "      <td>0.969349</td>\n",
       "      <td>0.957740</td>\n",
       "      <td>0.969349</td>\n",
       "      <td>0.957692</td>\n",
       "      <td>0.969349</td>\n",
       "      <td>0.957712</td>\n",
       "      <td>0.969349</td>\n",
       "    </tr>\n",
       "    <tr>\n",
       "      <th>2</th>\n",
       "      <td>protbert</td>\n",
       "      <td>Random Forest</td>\n",
       "      <td>0.968269</td>\n",
       "      <td>0.969349</td>\n",
       "      <td>0.968464</td>\n",
       "      <td>0.970132</td>\n",
       "      <td>0.968269</td>\n",
       "      <td>0.969349</td>\n",
       "      <td>0.968321</td>\n",
       "      <td>0.969496</td>\n",
       "    </tr>\n",
       "    <tr>\n",
       "      <th>12</th>\n",
       "      <td>bert</td>\n",
       "      <td>Naive Bayes</td>\n",
       "      <td>0.982495</td>\n",
       "      <td>0.991247</td>\n",
       "      <td>0.982961</td>\n",
       "      <td>0.991364</td>\n",
       "      <td>0.982495</td>\n",
       "      <td>0.991247</td>\n",
       "      <td>0.982394</td>\n",
       "      <td>0.991222</td>\n",
       "    </tr>\n",
       "    <tr>\n",
       "      <th>13</th>\n",
       "      <td>bert</td>\n",
       "      <td>MLP</td>\n",
       "      <td>0.990153</td>\n",
       "      <td>0.993435</td>\n",
       "      <td>0.990302</td>\n",
       "      <td>0.993501</td>\n",
       "      <td>0.990153</td>\n",
       "      <td>0.993435</td>\n",
       "      <td>0.990122</td>\n",
       "      <td>0.993421</td>\n",
       "    </tr>\n",
       "    <tr>\n",
       "      <th>9</th>\n",
       "      <td>bert</td>\n",
       "      <td>Decision Tree</td>\n",
       "      <td>0.990700</td>\n",
       "      <td>0.993435</td>\n",
       "      <td>0.990744</td>\n",
       "      <td>0.993455</td>\n",
       "      <td>0.990700</td>\n",
       "      <td>0.993435</td>\n",
       "      <td>0.990683</td>\n",
       "      <td>0.993440</td>\n",
       "    </tr>\n",
       "    <tr>\n",
       "      <th>11</th>\n",
       "      <td>bert</td>\n",
       "      <td>AdaBoost</td>\n",
       "      <td>0.990700</td>\n",
       "      <td>0.995624</td>\n",
       "      <td>0.990833</td>\n",
       "      <td>0.995653</td>\n",
       "      <td>0.990700</td>\n",
       "      <td>0.995624</td>\n",
       "      <td>0.990673</td>\n",
       "      <td>0.995617</td>\n",
       "    </tr>\n",
       "    <tr>\n",
       "      <th>8</th>\n",
       "      <td>bert</td>\n",
       "      <td>SVM</td>\n",
       "      <td>0.988512</td>\n",
       "      <td>0.995624</td>\n",
       "      <td>0.988715</td>\n",
       "      <td>0.995653</td>\n",
       "      <td>0.988512</td>\n",
       "      <td>0.995624</td>\n",
       "      <td>0.988470</td>\n",
       "      <td>0.995617</td>\n",
       "    </tr>\n",
       "    <tr>\n",
       "      <th>15</th>\n",
       "      <td>bert</td>\n",
       "      <td>CatBoost</td>\n",
       "      <td>0.992888</td>\n",
       "      <td>0.997812</td>\n",
       "      <td>0.992967</td>\n",
       "      <td>0.997819</td>\n",
       "      <td>0.992888</td>\n",
       "      <td>0.997812</td>\n",
       "      <td>0.992873</td>\n",
       "      <td>0.997810</td>\n",
       "    </tr>\n",
       "    <tr>\n",
       "      <th>14</th>\n",
       "      <td>bert</td>\n",
       "      <td>XGBoost</td>\n",
       "      <td>0.993435</td>\n",
       "      <td>0.997812</td>\n",
       "      <td>0.993502</td>\n",
       "      <td>0.997819</td>\n",
       "      <td>0.993435</td>\n",
       "      <td>0.997812</td>\n",
       "      <td>0.993422</td>\n",
       "      <td>0.997810</td>\n",
       "    </tr>\n",
       "    <tr>\n",
       "      <th>10</th>\n",
       "      <td>bert</td>\n",
       "      <td>Random Forest</td>\n",
       "      <td>0.991247</td>\n",
       "      <td>0.997812</td>\n",
       "      <td>0.991365</td>\n",
       "      <td>0.997819</td>\n",
       "      <td>0.991247</td>\n",
       "      <td>0.997812</td>\n",
       "      <td>0.991223</td>\n",
       "      <td>0.997810</td>\n",
       "    </tr>\n",
       "  </tbody>\n",
       "</table>\n",
       "</div>"
      ],
      "text/plain": [
       "     Dataset          Model  Train Accuracy  Test Accuracy  Train Precision  \\\n",
       "20   roberta    Naive Bayes        0.977024       0.986871         0.977820   \n",
       "17   roberta  Decision Tree        0.987965       0.986871         0.987974   \n",
       "21   roberta            MLP        0.988512       0.995624         0.988715   \n",
       "19   roberta       AdaBoost        0.989059       0.995624         0.989243   \n",
       "16   roberta            SVM        0.985777       0.995624         0.986086   \n",
       "23   roberta       CatBoost        0.992888       0.997812         0.992967   \n",
       "22   roberta        XGBoost        0.992888       0.997812         0.992967   \n",
       "18   roberta  Random Forest        0.992341       0.997812         0.992432   \n",
       "4   protbert    Naive Bayes        0.861538       0.892720         0.885316   \n",
       "0   protbert            SVM        0.918269       0.915709         0.924682   \n",
       "3   protbert       AdaBoost        0.921154       0.927203         0.926937   \n",
       "7   protbert       CatBoost        0.962500       0.954023         0.964493   \n",
       "6   protbert        XGBoost        0.976923       0.957854         0.977568   \n",
       "5   protbert            MLP        0.947115       0.961686         0.952358   \n",
       "1   protbert  Decision Tree        0.957692       0.969349         0.957740   \n",
       "2   protbert  Random Forest        0.968269       0.969349         0.968464   \n",
       "12      bert    Naive Bayes        0.982495       0.991247         0.982961   \n",
       "13      bert            MLP        0.990153       0.993435         0.990302   \n",
       "9       bert  Decision Tree        0.990700       0.993435         0.990744   \n",
       "11      bert       AdaBoost        0.990700       0.995624         0.990833   \n",
       "8       bert            SVM        0.988512       0.995624         0.988715   \n",
       "15      bert       CatBoost        0.992888       0.997812         0.992967   \n",
       "14      bert        XGBoost        0.993435       0.997812         0.993502   \n",
       "10      bert  Random Forest        0.991247       0.997812         0.991365   \n",
       "\n",
       "    Test Precision  Train Recall  Test Recall  Train F1   Test F1  \n",
       "20        0.987132      0.977024     0.986871  0.976848  0.986812  \n",
       "17        0.986949      0.987965     0.986871  0.987949  0.986889  \n",
       "21        0.995653      0.988512     0.995624  0.988470  0.995617  \n",
       "19        0.995653      0.989059     0.995624  0.989021  0.995617  \n",
       "16        0.995653      0.985777     0.995624  0.985712  0.995617  \n",
       "23        0.997819      0.992888     0.997812  0.992873  0.997810  \n",
       "22        0.997819      0.992888     0.997812  0.992873  0.997810  \n",
       "18        0.997819      0.992341     0.997812  0.992323  0.997810  \n",
       "4         0.905004      0.861538     0.892720  0.863462  0.894549  \n",
       "0         0.921842      0.918269     0.915709  0.919061  0.916774  \n",
       "3         0.930960      0.921154     0.927203  0.921886  0.927928  \n",
       "7         0.955735      0.962500     0.954023  0.962726  0.954344  \n",
       "6         0.958435      0.976923     0.957854  0.977005  0.958009  \n",
       "5         0.964283      0.947115     0.961686  0.947600  0.962031  \n",
       "1         0.969349      0.957692     0.969349  0.957712  0.969349  \n",
       "2         0.970132      0.968269     0.969349  0.968321  0.969496  \n",
       "12        0.991364      0.982495     0.991247  0.982394  0.991222  \n",
       "13        0.993501      0.990153     0.993435  0.990122  0.993421  \n",
       "9         0.993455      0.990700     0.993435  0.990683  0.993440  \n",
       "11        0.995653      0.990700     0.995624  0.990673  0.995617  \n",
       "8         0.995653      0.988512     0.995624  0.988470  0.995617  \n",
       "15        0.997819      0.992888     0.997812  0.992873  0.997810  \n",
       "14        0.997819      0.993435     0.997812  0.993422  0.997810  \n",
       "10        0.997819      0.991247     0.997812  0.991223  0.997810  "
      ]
     },
     "execution_count": 7,
     "metadata": {},
     "output_type": "execute_result"
    }
   ],
   "source": [
    "results_df[::-1]"
   ]
  }
 ],
 "metadata": {
  "kernelspec": {
   "display_name": "Python 3",
   "language": "python",
   "name": "python3"
  },
  "language_info": {
   "codemirror_mode": {
    "name": "ipython",
    "version": 3
   },
   "file_extension": ".py",
   "mimetype": "text/x-python",
   "name": "python",
   "nbconvert_exporter": "python",
   "pygments_lexer": "ipython3",
   "version": "3.13.5"
  }
 },
 "nbformat": 4,
 "nbformat_minor": 5
}
